55185, 55189, 55207, 55061, 55121, 55189, 55175, 55150, 55071, 55080, 55103, 55091, 55094, 55112, 55142, 55247, 55135, 55114, 55032, 55096, 55055, 55045, 55060, 55171, 55187, 55137, 55163, 55252, 55142, 55071, 
120297, 120235, 120336, 120245, 120261, 120312, 120193, 120255, 120230, 120265, 120177, 120142, 120230, 120206, 120191, 120268, 120296, 120161, 120279, 120175, 120218, 120237, 120252, 120225, 120097, 120339, 120191, 120235, 120217, 120153, 
188567, 188894, 188814, 188865, 188713, 188832, 188867, 189014, 188732, 188695, 188813, 188568, 188780, 189000, 188873, 188850, 188975, 188932, 188953, 188692, 188918, 188765, 188842, 188845, 188934, 188786, 188984, 188922, 188843, 188692, 
260705, 260676, 260314, 260396, 260682, 260625, 260414, 260538, 260523, 260543, 260446, 260515, 260646, 260665, 260544, 260489, 260419, 260625, 260546, 260685, 260553, 260363, 260653, 260491, 260461, 260738, 260666, 260407, 260489, 260493, 
333401, 333671, 333449, 333577, 333516, 333458, 333524, 333394, 333287, 333492, 333503, 333584, 333700, 333675, 333158, 333641, 333414, 333466, 333435, 333608, 333415, 333326, 333416, 333292, 333537, 333520, 333462, 333354, 333454, 333533, 
407421, 407536, 407803, 407475, 407615, 407873, 407569, 407718, 407984, 407831, 407663, 407572, 407947, 407682, 407876, 407600, 407560, 407568, 407812, 407730, 407451, 408037, 407897, 407803, 407686, 407669, 407592, 408110, 407807, 407784, 
483824, 483403, 483304, 483723, 483233, 483100, 483214, 483545, 483333, 483647, 483477, 483254, 483671, 483387, 483796, 483433, 483349, 483286, 483323, 483437, 483169, 483330, 483473, 483782, 483596, 483538, 483673, 483369, 483441, 483424, 
561017, 560991, 560670, 560909, 561167, 560890, 560803, 560881, 560971, 561024, 561000, 560953, 561070, 560690, 560897, 560711, 560756, 560699, 561222, 560641, 561079, 561110, 560951, 561040, 561095, 561023, 561226, 561294, 560838, 561158, 
638881, 638718, 638697, 638868, 638907, 638780, 638801, 638921, 638599, 638778, 638891, 638750, 639066, 638990, 638834, 638611, 638975, 638941, 638762, 638757, 638952, 639061, 638959, 638901, 638724, 639169, 638572, 639085, 639024, 638703, 
716845, 716419, 717005, 716457, 716853, 717005, 716737, 716428, 717124, 716449, 716809, 716909, 716962, 716906, 717009, 716813, 716882, 716850, 716569, 716842, 717015, 717028, 717165, 716830, 716905, 716647, 716914, 717098, 716801, 716951, 
